1 0.52109375 0.2609375 0.03203125 0.0328125
1 0.50078125 0.275 0.03046875 0.03046875
1 0.446875 0.375 0.0359375 0.034375
1 0.44921875 0.17734375 0.03359375 0.03203125
1 0.6515625 0.75390625 0.03828125 0.0375
1 0.80546875 0.7140625 0.040625 0.03984375
1 0.54140625 0.56015625 0.03359375 0.03671875
1 0.55234375 0.4578125 0.034375 0.034375
1 0.73984375 0.40859375 0.03671875 0.03359375
1 0.85 0.5484375 0.03671875 0.0375
1 0.8375 0.5015625 0.0328125 0.0328125
1 0.45703125 0.9359375 0.03125 0.01640625
1 0.55625 0.3625 0.03515625 0.028125
1 0.4109375 0.6796875 0.03125 0.03203125
1 0.70703125 0.4671875 0.02890625 0.03515625
1 0.36875 0.74921875 0.02421875 0.02734375
2 0.16796875 0.4421875 0.034375 0.03203125
2 0.30078125 0.41484375 0.02421875 0.0234375
2 0.4453125 0.53125 0.021875 0.02265625
2 0.1484375 0.6859375 0.01875 0.0171875
2 0.1546875 0.75390625 0.02734375 0.028125
2 0.27265625 0.6734375 0.0328125 0.034375
2 0.33203125 0.721875 0.03203125 0.03203125
2 0.271875 0.78515625 0.0203125 0.0203125
2 0.571875 0.71953125 0.03359375 0.0328125
2 0.50234375 0.8359375 0.0359375 0.03671875
2 0.43359375 0.6953125 0.028125 0.02890625
2 0.5375 0.62890625 0.03125 0.03125
2 0.390625 0.76171875 0.03359375 0.0375
2 0.69453125 0.7875 0.02421875 0.0234375
2 0.67578125 0.6734375 0.034375 0.034375
2 0.79921875 0.609375 0.03359375 0.0328125
2 0.615625 0.56640625 0.03203125 0.02890625
2 0.61875 0.53203125 0.028125 0.02734375
2 0.84765625 0.34375 0.0359375 0.03515625
2 0.8125 0.39921875 0.0203125 0.0203125
2 0.7015625 0.37890625 0.021875 0.01953125
2 0.6921875 0.40703125 0.03359375 0.03125
2 0.66640625 0.50390625 0.03125 0.03125
2 0.5 0.46171875 0.021875 0.021875
2 0.5109375 0.440625 0.0265625 0.025
2 0.52578125 0.4296875 0.028125 0.025
2 0.55234375 0.33671875 0.03203125 0.0265625
2 0.30625 0.6046875 0.03203125 0.03125
2 0.63515625 0.24296875 0.0359375 0.03515625
2 0.53125 0.67265625 0.01953125 0.015625
2 0.509375 0.940625 0.0265625 0.0140625
2 0.70390625 0.2140625 0.0140625 0.0125
2 0.37109375 0.51953125 0.0171875 0.015625
1 0.5125 0.48515625 0.01015625 0.01171875