2 0.5078125 0.30078125 0.03359375 0.0484375
2 0.60703125 0.29375 0.0234375 0.034375
2 0.6078125 0.38046875 0.04296875 0.05703125
2 0.57265625 0.4109375 0.01875 0.02578125
2 0.46875 0.43359375 0.02421875 0.034375
2 0.37109375 0.4421875 0.0265625 0.0375
2 0.44375 0.51171875 0.02421875 0.0328125
2 0.496875 0.5203125 0.02265625 0.03046875
2 0.5 0.4859375 0.021875 0.02890625
2 0.5359375 0.4203125 0.02421875 0.02421875
2 0.534375 0.440625 0.025 0.0234375
2 0.5328125 0.565625 0.02578125 0.03671875
2 0.5015625 0.61171875 0.01328125 0.01953125
2 0.47890625 0.59140625 0.02421875 0.03359375
2 0.5515625 0.6390625 0.028125 0.03828125
2 0.578125 0.590625 0.02890625 0.03984375
2 0.48984375 0.67578125 0.028125 0.0359375
2 0.3734375 0.63125 0.02421875 0.03671875
2 0.3328125 0.61875 0.0265625 0.0359375
2 0.3015625 0.52734375 0.03046875 0.053125
2 0.321875 0.5328125 0.0140625 0.03359375
2 0.27421875 0.26171875 0.02890625 0.0390625
2 0.38359375 0.06875 0.02734375 0.0359375
2 0.45 0.865625 0.025 0.03125
2 0.61953125 0.8546875 0.03203125 0.04140625
2 0.7265625 0.796875 0.021875 0.028125
2 0.709375 0.77109375 0.01796875 0.02578125
2 0.65859375 0.73515625 0.01796875 0.02421875
2 0.6875 0.715625 0.015625 0.01953125
2 0.73046875 0.6125 0.034375 0.04296875
2 0.72578125 0.50625 0.028125 0.03828125
1 0.68125 0.29296875 0.02734375 0.03671875
1 0.60078125 0.4578125 0.03828125 0.05234375
1 0.63359375 0.4375 0.0390625 0.0546875
1 0.69140625 0.49765625 0.0328125 0.0421875
1 0.62578125 0.66328125 0.0390625 0.04921875
1 0.62734375 0.71171875 0.03984375 0.046875
2 0.5671875 0.78359375 0.0484375 0.0671875
2 0.53984375 0.74453125 0.01640625 0.0203125
2 0.54296875 0.759375 0.01328125 0.0140625
1 0.446875 0.6 0.03671875 0.0515625
1 0.33671875 0.58359375 0.02890625 0.0390625
1 0.3296875 0.33046875 0.03515625 0.0515625
1 0.5640625 0.1453125 0.0265625 0.034375
2 0.52578125 0.47578125 0.03125 0.04296875
1 0.6390625 0.81875 0.03828125 0.05078125
1 0.86328125 0.50546875 0.03359375 0.0421875