0 0.90390625 0.40703125 0.02421875 0.02421875
1 0.684375 0.64609375 0.0484375 0.04609375
1 0.6453125 0.6796875 0.03671875 0.03828125
1 0.609375 0.64609375 0.0375 0.03671875
1 0.58125 0.68828125 0.0359375 0.03515625
1 0.54140625 0.68125 0.03671875 0.0375
1 0.5234375 0.603125 0.03046875 0.03125
1 0.5453125 0.6265625 0.0375 0.0359375
1 0.4796875 0.69140625 0.040625 0.0390625
1 0.47421875 0.74609375 0.0390625 0.03828125
1 0.575 0.740625 0.03828125 0.03671875
1 0.53828125 0.765625 0.05078125 0.0484375
1 0.34765625 0.80234375 0.03671875 0.03671875
1 0.759375 0.39140625 0.04140625 0.0390625
1 0.775 0.421875 0.040625 0.0359375
1 0.7828125 0.5015625 0.04140625 0.03984375
1 0.82578125 0.52109375 0.0453125 0.04609375
1 0.6328125 0.290625 0.03671875 0.0359375
1 0.55625 0.259375 0.03359375 0.03359375
1 0.41796875 0.3625 0.025 0.025
1 0.41796875 0.42265625 0.03515625 0.03359375
1 0.54765625 0.43125 0.03671875 0.03671875
1 0.5015625 0.47734375 0.01953125 0.0203125
1 0.55546875 0.50234375 0.03828125 0.03515625
1 0.55234375 0.5484375 0.040625 0.03828125
1 0.4109375 0.540625 0.02734375 0.0265625
1 0.38359375 0.60703125 0.0421875 0.03984375
1 0.36328125 0.509375 0.03515625 0.0328125
1 0.26875 0.48125 0.02890625 0.02578125
1 0.1984375 0.44921875 0.02109375 0.02109375
1 0.2109375 0.471875 0.03046875 0.02734375
1 0.80625 0.23125 0.040625 0.0390625
1 0.85703125 0.2921875 0.0328125 0.0328125
1 0.83359375 0.28671875 0.0171875 0.01640625
1 0.8453125 0.2609375 0.03515625 0.03203125
1 0.8921875 0.2765625 0.0375 0.03203125
1 0.88359375 0.29375 0.01640625 0.01796875
1 0.603125 0.15546875 0.03125 0.0296875
1 0.353125 0.1828125 0.01953125 0.01953125
1 0.409375 0.2453125 0.02109375 0.01953125
1 0.38203125 0.2515625 0.0234375 0.02265625
1 0.36875 0.27421875 0.025 0.0234375
1 0.396875 0.2703125 0.0265625 0.02421875
1 0.37109375 0.2234375 0.0203125 0.01796875
1 0.2515625 0.25625 0.01640625 0.015625
1 0.278125 0.66484375 0.02265625 0.02265625
1 0.22578125 0.6640625 0.01484375 0.0125
1 0.2078125 0.6875 0.0375 0.03515625
1 0.228125 0.62734375 0.03671875 0.03515625
1 0.28203125 0.7046875 0.0359375 0.0375
1 0.25625 0.7203125 0.03515625 0.03203125
2 0.259375 0.73828125 0.0171875 0.015625
1 0.17109375 0.64609375 0.03984375 0.03671875
1 0.2484375 0.8265625 0.0484375 0.0453125
1 0.4015625 0.8484375 0.0578125 0.05625
2 0.23984375 0.5828125 0.02734375 0.028125
2 0.3703125 0.5359375 0.021875 0.02265625
2 0.6453125 0.553125 0.03515625 0.034375
2 0.58515625 0.46328125 0.01796875 0.01875
2 0.77578125 0.57734375 0.028125 0.028125
2 0.68046875 0.6 0.01796875 0.01796875
2 0.92890625 0.46171875 0.0234375 0.02578125
1 0.51484375 0.1984375 0.02734375 0.02734375
2 0.5765625 0.15 0.025 0.0265625
2 0.42578125 0.68828125 0.01875 0.01953125
2 0.54375 0.81953125 0.034375 0.0328125
1 0.525 0.80078125 0.0265625 0.02578125
1 0.5171875 0.8375 0.0390625 0.0375
1 0.53671875 0.8671875 0.04765625 0.0453125
1 0.121875 0.47578125 0.0203125 0.01875
1 0.09140625 0.50703125 0.021875 0.021875
1 0.14296875 0.48828125 0.0109375 0.00703125
2 0.70703125 0.24765625 0.03515625 0.0359375
2 0.403125 0.7265625 0.01796875 0.01640625
1 0.38828125 0.76875 0.03125 0.03203125
1 0.41015625 0.76875 0.025 0.0296875
2 0.7640625 0.45546875 0.0171875 0.0171875