2 0.65625 0.19296875 0.02890625 0.028125
2 0.59921875 0.2421875 0.0203125 0.01875
2 0.56953125 0.2546875 0.03359375 0.0296875
2 0.57421875 0.3171875 0.034375 0.0328125
2 0.78359375 0.41328125 0.01875 0.02109375
2 0.8234375 0.45390625 0.02421875 0.02265625
2 0.69609375 0.50546875 0.02734375 0.02734375
2 0.70546875 0.56484375 0.0234375 0.025
2 0.67421875 0.5359375 0.028125 0.02890625
2 0.65234375 0.4890625 0.0265625 0.0296875
2 0.765625 0.67109375 0.03828125 0.0390625
2 0.73828125 0.665625 0.01640625 0.0171875
2 0.67265625 0.7015625 0.0265625 0.02890625
2 0.63046875 0.74296875 0.04609375 0.046875
2 0.634375 0.65546875 0.03515625 0.03515625
2 0.5625 0.39140625 0.03671875 0.0375
2 0.5671875 0.4390625 0.0375 0.03515625
2 0.54609375 0.48359375 0.0328125 0.0328125
2 0.47890625 0.33046875 0.0375 0.0375
2 0.48515625 0.2734375 0.0375 0.034375
2 0.4703125 0.209375 0.0421875 0.03984375
2 0.38984375 0.1828125 0.04140625 0.03984375
2 0.3515625 0.1734375 0.0390625 0.040625
2 0.35859375 0.30859375 0.02109375 0.02109375
2 0.3796875 0.38125 0.0421875 0.04296875
2 0.3734375 0.459375 0.02890625 0.02890625
2 0.384375 0.5125 0.0328125 0.03359375
2 0.50625 0.5046875 0.03125 0.03203125
2 0.5296875 0.5265625 0.03359375 0.03515625
2 0.5109375 0.54375 0.0359375 0.0359375
2 0.50546875 0.61875 0.02578125 0.0265625
2 0.45859375 0.64921875 0.03515625 0.04140625
2 0.4921875 0.65859375 0.03359375 0.0390625
2 0.2609375 0.6828125 0.04921875 0.05
2 0.36015625 0.8203125 0.04765625 0.05390625
2 0.39609375 0.78515625 0.0390625 0.0421875
2 0.4421875 0.77890625 0.03671875 0.03984375
2 0.46640625 0.83515625 0.02265625 0.02421875
2 0.5453125 0.69296875 0.03203125 0.0359375
2 0.57109375 0.7078125 0.0328125 0.0375
2 0.4625 0.71328125 0.03515625 0.03671875
2 0.5109375 0.715625 0.0328125 0.03359375
2 0.5171875 0.746875 0.03125 0.0296875
2 0.47734375 0.77890625 0.03359375 0.03515625
2 0.52421875 0.7765625 0.03671875 0.03125
2 0.49609375 0.796875 0.02890625 0.03515625
2 0.63046875 0.5171875 0.03046875 0.0296875
2 0.175 0.53984375 0.03046875 0.03125
2 0.15703125 0.4484375 0.0453125 0.04453125
2 0.21015625 0.37734375 0.04296875 0.0421875
2 0.1953125 0.42734375 0.0390625 0.04375
2 0.2296875 0.41640625 0.0375 0.04140625
2 0.28515625 0.425 0.03046875 0.0296875
2 0.246875 0.50234375 0.03828125 0.03984375
2 0.221875 0.553125 0.04140625 0.0421875
2 0.2453125 0.571875 0.0265625 0.028125
2 0.32109375 0.55078125 0.03828125 0.03984375
2 0.2890625 0.5625 0.0234375 0.02265625
2 0.2828125 0.48671875 0.0390625 0.03828125
2 0.29296875 0.51015625 0.03515625 0.0296875
2 0.2859375 0.5359375 0.03515625 0.0296875
2 0.43046875 0.1765625 0.0140625 0.0140625
2 0.29609375 0.24765625 0.0078125 0.009375
2 0.48125 0.73046875 0.028125 0.03046875
2 0.48984375 0.753125 0.0265625 0.02734375
2 0.57890625 0.22578125 0.01796875 0.01796875
2 0.59921875 0.19765625 0.02265625 0.01640625
2 0.5953125 0.215625 0.03046875 0.025
2 0.67734375 0.65859375 0.0125 0.01484375
2 0.69296875 0.6578125 0.0234375 0.028125
2 0.703125 0.70703125 0.02109375 0.0203125
2 0.725 0.72890625 0.0359375 0.04140625
2 0.74609375 0.72109375 0.025 0.03203125
2 0.5328125 0.80078125 0.02109375 0.02109375
2 0.51640625 0.81015625 0.01796875 0.0171875
2 0.5546875 0.828125 0.0375 0.04375
2 0.5203125 0.83984375 0.03984375 0.0375
2 0.4125 0.82109375 0.03828125 0.03203125
2 0.39765625 0.83671875 0.01328125 0.0109375
2 0.4125 0.85625 0.0453125 0.0390625
2 0.39140625 0.73203125 0.03515625 0.03828125
2 0.4109375 0.7171875 0.03671875 0.03828125
2 0.41875 0.47109375 0.0125 0.0125
2 0.42890625 0.38671875 0.03203125 0.0265625
2 0.43203125 0.4078125 0.02890625 0.01953125
2 0.46328125 0.44140625 0.0296875 0.02890625
2 0.44140625 0.428125 0.02421875 0.02734375
2 0.4078125 0.45078125 0.02734375 0.034375
2 0.4265625 0.4453125 0.025 0.0328125
2 0.46640625 0.41171875 0.03515625 0.0328125
2 0.609375 0.59921875 0.025 0.03359375
2 0.6296875 0.603125 0.02421875 0.03203125
2 0.57890625 0.63125 0.02109375 0.02265625
2 0.59609375 0.628125 0.0125 0.01484375
2 0.590625 0.6484375 0.03046875 0.0265625
2 0.71015625 0.6703125 0.01640625 0.01328125
2 0.71171875 0.68828125 0.03203125 0.02890625
2 0.08046875 0.60546875 0.0328125 0.04609375
2 0.19140625 0.67421875 0.05 0.04609375
2 0.20234375 0.64453125 0.0421875 0.0390625
2 0.2234375 0.64921875 0.01640625 0.02109375
2 0.3046875 0.6203125 0.03203125 0.0453125
2 0.33359375 0.61875 0.0328125 0.04609375
2 0.22890625 0.32890625 0.02109375 0.0203125
2 0.30390625 0.2859375 0.040625 0.03203125
2 0.28046875 0.31875 0.03671875 0.0375
2 0.29921875 0.30625 0.0375 0.0296875
2 0.25390625 0.33203125 0.03359375 0.02734375
2 0.246875 0.35390625 0.03984375 0.02890625
2 0.29140625 0.409375 0.01015625 0.00859375
2 0.61640625 0.5390625 0.01953125 0.025
2 0.63125 0.54453125 0.0234375 0.02421875