2 0.809375 0.4625 0.0421875 0.05703125
2 0.89453125 0.571875 0.0375 0.0484375
2 0.6765625 0.6234375 0.04140625 0.05703125
2 0.6421875 0.69765625 0.02109375 0.02734375
2 0.6203125 0.77421875 0.0390625 0.053125
2 0.56015625 0.6296875 0.01796875 0.025
2 0.5140625 0.90078125 0.0140625 0.02109375
1 0.8828125 0.6265625 0.0421875 0.06015625
1 0.8640625 0.6734375 0.04296875 0.05390625
1 0.74609375 0.7421875 0.04296875 0.0515625
1 0.54140625 0.61640625 0.0359375 0.05234375
2 0.7515625 0.9109375 0.03671875 0.04765625
2 0.62890625 0.953125 0.03203125 0.04296875
2 0.484375 0.9546875 0.02421875 0.0296875
2 0.41015625 0.94296875 0.025 0.03125
2 0.7890625 0.2578125 0.071875 0.096875
2 0.59375 0.215625 0.034375 0.0484375
2 0.62421875 0.15546875 0.03203125 0.04921875
2 0.603125 0.1640625 0.01875 0.03515625
1 0.57890625 0.14921875 0.03046875 0.040625
1 0.37265625 0.1265625 0.03125 0.03984375
1 0.51015625 0.81875 0.0453125 0.059375
2 0.6828125 0.94140625 0.0296875 0.03515625
2 0.69765625 0.9578125 0.028125 0.03359375