1 0.4890625 0.55703125 0.03125 0.04140625
1 0.51953125 0.60625 0.02890625 0.0375
1 0.43828125 0.60625 0.01015625 0.01328125
1 0.46796875 0.64296875 0.01484375 0.02109375
1 0.58984375 0.528125 0.01640625 0.0234375
1 0.6125 0.52109375 0.01796875 0.0234375
1 0.675 0.45859375 0.01796875 0.02421875
1 0.859375 0.47265625 0.02890625 0.03671875
1 0.6703125 0.74140625 0.0234375 0.0296875
1 0.76875 0.703125 0.02421875 0.0296875
1 0.7546875 0.878125 0.0265625 0.034375
1 0.63359375 0.83203125 0.0234375 0.02890625
1 0.62734375 0.87421875 0.02265625 0.0296875
2 0.58515625 0.85546875 0.04296875 0.05546875
2 0.646875 0.70078125 0.02890625 0.03828125
2 0.43359375 0.746875 0.0375 0.0484375
2 0.68984375 0.5796875 0.03671875 0.04921875
2 0.71484375 0.63515625 0.0359375 0.046875
2 0.56796875 0.61875 0.0328125 0.03984375
2 0.55546875 0.6453125 0.0328125 0.04140625
2 0.36875 0.38828125 0.0328125 0.046875
2 0.33359375 0.38671875 0.028125 0.040625
2 0.31015625 0.40546875 0.02890625 0.0421875
2 0.4671875 0.390625 0.03671875 0.0515625
2 0.46484375 0.315625 0.0359375 0.04921875
2 0.43984375 0.2453125 0.0390625 0.05234375
2 0.5265625 0.24140625 0.03515625 0.04453125
2 0.51328125 0.3484375 0.034375 0.04609375
2 0.54921875 0.3125 0.0328125 0.04375
1 0.3859375 0.334375 0.00625 0.009375
1 0.43671875 0.415625 0.0109375 0.01484375
1 0.48203125 0.5015625 0.00625 0.00859375
1 0.53515625 0.47265625 0.0046875 0.00703125
1 0.6140625 0.4484375 0.01328125 0.01640625
2 0.74609375 0.44296875 0.03359375 0.04609375
2 0.8421875 0.4265625 0.01796875 0.02265625
2 0.78671875 0.5984375 0.03515625 0.0484375
2 0.821875 0.625 0.05390625 0.071875
1 0.734375 0.7671875 0.02265625 0.0234375
2 0.68671875 0.88125 0.01796875 0.02265625
2 0.559375 0.42109375 0.03671875 0.0484375
2 0.58203125 0.4015625 0.03046875 0.04453125
2 0.66328125 0.38203125 0.034375 0.05234375
2 0.6375 0.39296875 0.02109375 0.03046875
2 0.509375 0.078125 0.03671875 0.05390625
2 0.5375 0.09296875 0.03984375 0.0546875
1 0.64140625 0.2734375 0.01640625 0.02109375
2 0.77265625 0.30078125 0.04375 0.05859375
1 0.57578125 0.490625 0.00390625 0.00625
2 0.728125 0.71875 0.00859375 0.0109375
2 0.63046875 0.4171875 0.0171875 0.0234375
2 0.61953125 0.3640625 0.03359375 0.04453125
2 0.465625 0.26875 0.0125 0.0171875
2 0.47734375 0.2890625 0.01484375 0.01875
2 0.58046875 0.27890625 0.015625 0.01796875
2 0.58671875 0.2609375 0.03515625 0.0484375
2 0.71953125 0.4390625 0.01875 0.0265625
2 0.74609375 0.78125 0.01015625 0.01640625