2 0.63203125 0.5546875 0.04453125 0.04609375
2 0.56953125 0.50078125 0.03125 0.03125
2 0.83515625 0.56796875 0.02890625 0.02890625
2 0.3125 0.6859375 0.028125 0.028125
2 0.76328125 0.3203125 0.03125 0.03203125
2 0.62109375 0.2953125 0.03046875 0.03125
2 0.47109375 0.29765625 0.01796875 0.01640625
2 0.428125 0.32421875 0.01953125 0.01875
2 0.27421875 0.46484375 0.01953125 0.02109375
2 0.43984375 0.4859375 0.01796875 0.0171875
1 0.27421875 0.18984375 0.0125 0.01328125
1 0.73203125 0.50234375 0.009375 0.01171875
1 0.37265625 0.74921875 0.009375 0.0109375
2 0.24453125 0.63671875 0.01796875 0.01875
2 0.30078125 0.61328125 0.015625 0.0171875
2 0.4171875 0.60078125 0.0140625 0.0140625
1 0.5140625 0.6453125 0.01171875 0.01171875
2 0.9125 0.4875 0.028125 0.02890625
1 0.71484375 0.50234375 0.0140625 0.0125
1 0.609375 0.446875 0.0109375 0.01015625
1 0.68203125 0.57421875 0.01328125 0.0140625