1 0.56875 0.1953125 0.02734375 0.0375
1 0.55 0.21328125 0.0296875 0.040625
1 0.30859375 0.2015625 0.0296875 0.03984375
1 0.61796875 0.3484375 0.02578125 0.0375
1 0.61484375 0.40625 0.03046875 0.0421875
1 0.59296875 0.4875 0.025 0.0375
1 0.659375 0.6 0.03203125 0.0421875
1 0.70859375 0.66171875 0.03203125 0.02890625
1 0.70703125 0.68984375 0.0328125 0.028125
1 0.60625 0.5015625 0.01875 0.03828125
1 0.30625 0.5828125 0.03359375 0.04609375
1 0.21328125 0.56640625 0.01015625 0.01484375
2 0.66796875 0.7890625 0.015625 0.02265625
2 0.52265625 0.88671875 0.01484375 0.01953125
2 0.35 0.7890625 0.01640625 0.021875
2 0.4046875 0.73203125 0.034375 0.0453125
2 0.54609375 0.67578125 0.034375 0.04609375
2 0.56875 0.625 0.03125 0.04609375
2 0.59765625 0.61640625 0.034375 0.04921875
2 0.51484375 0.49609375 0.0375 0.04921875
2 0.6828125 0.39921875 0.0421875 0.0546875
2 0.29609375 0.24921875 0.0390625 0.053125
2 0.39765625 0.30546875 0.01484375 0.02109375
2 0.36171875 0.334375 0.015625 0.021875
2 0.29921875 0.39921875 0.0171875 0.0234375
2 0.4859375 0.39453125 0.03515625 0.0484375
2 0.43828125 0.37578125 0.0375 0.05
2 0.4453125 0.44921875 0.0359375 0.04921875
2 0.43828125 0.5328125 0.034375 0.04453125
2 0.5875 0.32578125 0.034375 0.0421875
2 0.5921875 0.359375 0.03359375 0.040625
2 0.51953125 0.71640625 0.02421875 0.03515625
2 0.50546875 0.70859375 0.021875 0.0421875
2 0.40234375 0.6296875 0.02421875 0.0328125
2 0.634375 0.496875 0.0359375 0.06015625
2 0.7078125 0.5 0.0125 0.01640625
2 0.46328125 0.2984375 0.03671875 0.03828125
2 0.46328125 0.3328125 0.0375 0.03671875
1 0.58671875 0.22421875 0.01171875 0.015625
2 0.4625 0.60625 0.01171875 0.0140625
2 0.46328125 0.61875 0.01171875 0.0125
2 0.53359375 0.62578125 0.01171875 0.015625
2 0.39296875 0.65390625 0.02890625 0.0359375
2 0.35546875 0.4875 0.02890625 0.0453125
2 0.39140625 0.41953125 0.01328125 0.01875
1 0.3140625 0.140625 0.0296875 0.040625
2 0.34609375 0.62421875 0.02109375 0.03671875
2 0.3578125 0.596875 0.01484375 0.021875
2 0.32734375 0.52265625 0.021875 0.03671875
2 0.3390625 0.50859375 0.01875 0.02890625
2 0.4296875 0.703125 0.01171875 0.01640625
2 0.3328125 0.58515625 0.00859375 0.0109375
2 0.33125 0.57265625 0.01015625 0.0140625
2 0.33828125 0.57734375 0.0078125 0.01015625
2 0.33515625 0.553125 0.01484375 0.021875
2 0.3796875 0.621875 0.0203125 0.0359375