2 0.1125 0.3171875 0.021875 0.028125
2 0.13125 0.3171875 0.01484375 0.0265625
2 0.14609375 0.31171875 0.0234375 0.0296875
2 0.165625 0.2296875 0.0390625 0.03359375
1 0.18046875 0.44609375 0.01953125 0.01484375
1 0.20390625 0.45546875 0.021875 0.0171875
1 0.18203125 0.4609375 0.02421875 0.01640625
1 0.21328125 0.4859375 0.03359375 0.02265625
1 0.20859375 0.4703125 0.01953125 0.0125
1 0.190625 0.475 0.0125 0.0125
1 0.38671875 0.3328125 0.03984375 0.05
1 0.346875 0.30390625 0.02109375 0.01953125
1 0.3171875 0.25546875 0.021875 0.028125
1 0.46484375 0.12421875 0.01640625 0.015625
1 0.41484375 0.0734375 0.02109375 0.01953125
1 0.47890625 0.0640625 0.0234375 0.02265625
1 0.61875 0.078125 0.02734375 0.021875
1 0.55390625 0.09375 0.02734375 0.025
1 0.3125 0.28203125 0.025 0.025
1 0.3328125 0.290625 0.0234375 0.02421875
1 0.29296875 0.23515625 0.0265625 0.04453125