0 0.48984375 0.5515625 0.01484375 0.01640625
2 0.58046875 0.465625 0.0234375 0.02578125
2 0.58984375 0.484375 0.02890625 0.0296875
2 0.64921875 0.421875 0.0203125 0.02421875
2 0.6625 0.4125 0.025 0.028125
2 0.63359375 0.43515625 0.0203125 0.025
2 0.60546875 0.45546875 0.02109375 0.02578125
2 0.6171875 0.43671875 0.01484375 0.01953125
2 0.6109375 0.44453125 0.0171875 0.01796875
2 0.596875 0.63203125 0.02734375 0.034375
2 0.640625 0.60390625 0.02578125 0.0296875
2 0.6171875 0.62265625 0.01953125 0.03125
2 0.634375 0.62578125 0.01796875 0.021875
0 0.42734375 0.371875 0.01484375 0.0125
0 0.4265625 0.38515625 0.01171875 0.01015625
0 0.4375 0.37890625 0.01015625 0.0125
0 0.434375 0.3890625 0.0109375 0.009375
1 0.55859375 0.22421875 0.02421875 0.0234375
1 0.5703125 0.2453125 0.02265625 0.0234375
2 0.49296875 0.89453125 0.01875 0.01953125
1 0.4359375 0.515625 0.01015625 0.0125
1 0.3484375 0.51875 0.0109375 0.0140625
1 0.359375 0.51953125 0.0109375 0.0140625
1 0.3609375 0.5359375 0.01015625 0.01015625
1 0.3921875 0.5453125 0.00703125 0.0078125
1 0.4125 0.534375 0.0078125 0.00703125
1 0.41171875 0.52734375 0.00859375 0.0078125
1 0.41484375 0.521875 0.00625 0.00703125
1 0.3703125 0.5328125 0.0078125 0.009375
1 0.35625 0.65859375 0.0109375 0.0109375
0 0.41328125 0.59375 0.0078125 0.009375
1 0.378125 0.5328125 0.0078125 0.01171875
1 0.36484375 0.5125 0.00859375 0.009375
1 0.38671875 0.640625 0.0078125 0.0078125
1 0.38671875 0.63359375 0.00625 0.00625
1 0.37890625 0.63515625 0.00625 0.00625
1 0.3578125 0.6484375 0.009375 0.01015625
1 0.13515625 0.7140625 0.0171875 0.01875
1 0.096875 0.665625 0.01640625 0.0203125
1 0.76640625 0.4296875 0.009375 0.0109375
1 0.7296875 0.50703125 0.02734375 0.0265625
1 0.709375 0.515625 0.028125 0.034375
1 0.38671875 0.53359375 0.0109375 0.01640625
1 0.3875 0.5171875 0.0078125 0.01015625
1 0.384375 0.4953125 0.0171875 0.0140625
1 0.3984375 0.53515625 0.0109375 0.01015625